Kp = 0.23	
Ki = 0.000000	
Kd = 1.543047

czas = 153120 - 132799 = 20321 ms

Total lost: 181

Średni błąd: 869.13

Wariancja: 982766.72